// MilkShape 3D ASCII

Frames: 30
Frame: 1

Meshes: 5
"drska front" 0 0
43
0 -25.325434 -23.781469 -0.000000 0.111065 0.866548 -1
0 -24.649265 -24.600897 -0.921320 0.121378 0.878823 -1
0 -24.003065 -27.653149 -0.000000 0.131234 0.924545 -1
0 -23.788799 -21.798872 -0.000000 0.134502 0.836849 -1
0 -22.976883 -22.659184 -1.681054 0.146886 0.849736 -1
0 -20.691280 -21.584097 -0.000000 0.181748 0.833632 -1
0 -20.263655 -22.025452 -0.838362 0.188270 0.840243 -1
0 -17.444086 -18.431282 -0.000000 0.231276 0.786403 -1
0 -17.011999 -18.915630 -0.807303 0.237866 0.793659 -1
0 -11.950059 -13.187113 -0.000000 0.315074 0.707848 -1
0 -11.482899 -13.675587 -0.668421 0.322200 0.715165 -1
0 -10.507980 -11.423780 -0.000000 0.337070 0.681433 -1
0 -9.990835 -11.999232 -0.668210 0.344958 0.690053 -1
0 -10.540831 -10.125673 -0.000000 0.336569 0.661988 -1
0 -9.819061 -10.844264 -1.414910 0.347578 0.672752 -1
0 -8.022754 -7.973475 -0.000000 0.374976 0.629749 -1
0 -7.278194 -8.701508 -1.414910 0.386333 0.640654 -1
0 -7.877523 -7.986902 -0.000000 0.377191 0.629950 -1
0 -23.016880 -26.579157 -1.302944 0.146276 0.908456 -1
0 -21.016754 -24.736174 -1.703473 0.176783 0.880849 -1
0 -19.231239 -23.090977 -1.185622 0.204017 0.856204 -1
0 -15.968831 -20.084915 -1.141698 0.253778 0.811175 -1
0 -10.355078 -14.854843 -0.945289 0.339402 0.732830 -1
0 -8.742354 -13.388477 -0.944990 0.364000 0.710864 -1
0 -8.076611 -12.579080 -2.000983 0.374155 0.698739 -1
0 -5.480688 -10.459098 -2.000983 0.413750 0.666983 -1
0 -21.384487 -28.557417 -0.921321 0.171174 0.938091 -1
0 -19.056595 -26.813173 -1.681054 0.206681 0.911962 -1
0 -18.198824 -24.156506 -0.838362 0.219764 0.872166 -1
0 -14.925668 -21.254206 -0.807303 0.269688 0.828690 -1
0 -9.227262 -16.034100 -0.668421 0.356604 0.750494 -1
0 -7.493866 -14.777727 -0.668210 0.383043 0.731674 -1
0 -6.334151 -14.313899 -1.414910 0.400732 0.724727 -1
0 -3.683179 -12.216681 -1.414910 0.441166 0.693311 -1
0 -20.708323 -29.376833 0.000000 0.181488 0.950365 -1
0 -18.244682 -27.673491 0.000000 0.219065 0.924850 -1
0 -17.771194 -24.597857 0.000000 0.226287 0.878777 -1
0 -14.493574 -21.738543 0.000000 0.276279 0.835946 -1
0 -8.760103 -16.522566 0.000000 0.363730 0.757811 -1
0 -6.976730 -15.353171 0.000000 0.390931 0.740295 -1
0 -5.612391 -15.032488 -0.000000 0.411741 0.735491 -1
0 -2.938632 -12.944707 -0.000000 0.452523 0.704217 -1
0 -3.056604 -12.958122 0.000000 0.450723 0.704417 -1
43
-0.781623 0.172100 -0.599539
-0.655898 -0.123459 -0.744685
-0.613728 -0.516610 -0.597036
-0.379039 0.736653 -0.560065
-0.221925 0.427086 -0.876554
-0.316976 0.757346 -0.570923
-0.162740 0.570591 -0.804948
-0.540662 0.561613 -0.626319
-0.347617 0.379171 -0.857550
-0.513457 0.493426 -0.702063
-0.322003 0.323411 -0.889786
-0.680004 0.205998 -0.703676
-0.581387 0.026458 -0.813197
-0.749511 0.296642 -0.591808
-0.631920 0.089001 -0.769906
-0.234862 0.808500 -0.539599
-0.279164 0.552708 -0.785227
0.083516 0.903286 -0.420832
-0.289019 -0.243826 -0.925752
0.023243 0.021936 -0.999489
0.120376 0.115135 -0.986029
0.013234 0.011828 -0.999842
0.004460 0.003971 -0.999982
-0.288158 -0.259803 -0.921665
-0.266992 -0.256874 -0.928833
0.000000 -0.000000 -1.000000
-0.198694 -0.602662 -0.772864
0.406457 -0.240283 -0.881508
0.547949 -0.205117 -0.810974
0.351393 -0.375681 -0.857547
0.294906 -0.348840 -0.889574
0.060708 -0.549511 -0.833278
0.113982 -0.621354 -0.775195
0.400174 -0.258862 -0.879120
0.101691 -0.772934 -0.626284
0.707308 -0.429536 -0.561439
0.725335 -0.376587 -0.576256
0.518419 -0.581915 -0.626591
0.447569 -0.553989 -0.701982
0.262628 -0.621272 -0.738274
0.311936 -0.731172 -0.606699
0.852429 0.483078 -0.199998
-0.098131 0.862954 0.495662
62
0 0 1 2 0 1 2 1
0 0 3 4 0 3 4 1
0 0 4 1 0 4 1 1
0 3 5 4 3 5 4 1
0 5 6 4 5 6 4 1
0 5 7 8 5 7 8 1
0 5 8 6 5 8 6 1
0 7 9 8 7 9 8 1
0 9 10 8 9 10 8 1
0 9 11 12 9 11 12 1
0 9 12 10 9 12 10 1
0 11 13 12 11 13 12 1
0 13 14 12 13 14 12 1
0 13 15 16 13 15 16 1
0 13 16 14 13 16 14 1
0 15 17 16 15 17 16 1
0 2 1 18 2 1 18 1
0 1 4 18 1 4 18 1
0 4 19 18 4 19 18 1
0 4 6 20 4 6 20 1
0 4 20 19 4 20 19 1
0 6 8 20 6 8 20 1
0 8 21 20 8 21 20 1
0 8 10 22 8 10 22 1
0 8 22 21 8 22 21 1
0 10 12 22 10 12 22 1
0 12 23 22 12 23 22 1
0 12 14 24 12 14 24 1
0 12 24 23 12 24 23 1
0 14 16 24 14 16 24 1
0 16 25 24 16 25 24 1
0 18 26 2 18 26 2 1
0 18 19 27 18 19 27 1
0 18 27 26 18 27 26 1
0 19 20 27 19 20 27 1
0 20 28 27 20 28 27 1
0 20 21 29 20 21 29 1
0 20 29 28 20 29 28 1
0 21 22 29 21 22 29 1
0 22 30 29 22 30 29 1
0 22 23 31 22 23 31 1
0 22 31 30 22 31 30 1
0 23 24 31 23 24 31 1
0 24 32 31 24 32 31 1
0 24 25 33 24 25 33 1
0 24 33 32 24 33 32 1
0 2 26 34 2 26 34 1
0 26 27 34 26 27 34 1
0 27 35 34 27 35 34 1
0 27 28 36 27 28 36 1
0 27 36 35 27 36 35 1
0 28 29 36 28 29 36 1
0 29 37 36 29 37 36 1
0 29 30 38 29 30 38 1
0 29 38 37 29 38 37 1
0 30 31 38 30 31 38 1
0 31 39 38 31 39 38 1
0 31 32 40 31 32 40 1
0 31 40 39 31 40 39 1
0 32 33 40 32 33 40 1
0 33 41 40 33 41 40 1
0 33 42 41 33 42 41 1
"drska mazad" 0 0
43
0 -20.708323 -29.376833 0.000000 0.181130 0.953728 -1
0 -21.384487 -28.557417 0.921320 0.170796 0.941307 -1
0 -24.003065 -27.653149 -0.000000 0.130777 0.927601 -1
0 -18.244682 -27.673491 0.000000 0.218781 0.927909 -1
0 -19.056595 -26.813173 1.681054 0.206372 0.914868 -1
0 -17.771194 -24.597857 0.000000 0.226017 0.881289 -1
0 -18.198820 -24.156509 0.838362 0.219482 0.874599 -1
0 -14.493574 -21.738543 0.000000 0.276107 0.837949 -1
0 -14.925666 -21.254208 0.807303 0.269504 0.830607 -1
0 -8.760103 -16.522566 0.000000 0.363730 0.758886 -1
0 -9.227262 -16.034101 0.668421 0.356591 0.751482 -1
0 -6.976730 -15.353171 0.000000 0.390985 0.741161 -1
0 -7.493866 -14.777727 0.668210 0.383081 0.732438 -1
0 -5.612391 -15.032488 -0.000000 0.411835 0.736300 -1
0 -6.334140 -14.313902 1.414911 0.400805 0.725407 -1
0 -2.938632 -12.944707 -0.000000 0.452697 0.704654 -1
0 -3.683179 -12.216681 1.414911 0.441319 0.693618 -1
0 -3.056604 -12.958122 0.000000 0.450895 0.704857 -1
0 -23.016880 -26.579157 1.302944 0.145849 0.911321 -1
0 -21.016754 -24.736174 1.703474 0.176416 0.883386 -1
0 -19.231239 -23.090977 1.185622 0.203703 0.858448 -1
0 -15.968831 -20.084915 1.141698 0.253562 0.812883 -1
0 -10.355078 -14.854843 0.945290 0.339355 0.733607 -1
0 -8.742354 -13.388477 0.944990 0.364001 0.711380 -1
0 -8.076611 -12.579080 2.000983 0.374176 0.699112 -1
0 -5.480688 -10.459098 2.000983 0.413848 0.666978 -1
0 -24.649265 -24.600897 0.921320 0.120902 0.881335 -1
0 -22.976883 -22.659184 1.681054 0.146460 0.851903 -1
0 -20.263655 -22.025452 0.838362 0.187925 0.842297 -1
0 -17.011999 -18.915630 0.807303 0.237619 0.795160 -1
0 -11.482899 -13.675587 0.668421 0.322118 0.715732 -1
0 -9.990835 -11.999232 0.668210 0.344921 0.690323 -1
0 -9.819061 -10.844264 1.414911 0.347546 0.672816 -1
0 -7.278194 -8.701508 1.414911 0.386378 0.640336 -1
0 -25.325434 -23.781469 -0.000000 0.110568 0.868915 -1
0 -23.788799 -21.798872 -0.000000 0.134052 0.838863 -1
0 -20.691280 -21.584097 -0.000000 0.181390 0.835607 -1
0 -17.444086 -18.431282 -0.000000 0.231016 0.787818 -1
0 -11.950059 -13.187113 -0.000000 0.314979 0.708328 -1
0 -10.507980 -11.423780 -0.000000 0.337018 0.681600 -1
0 -10.540831 -10.125673 -0.000000 0.336516 0.661923 -1
0 -8.022754 -7.973475 -0.000000 0.374999 0.629301 -1
0 -7.877523 -7.986902 -0.000000 0.377218 0.629505 -1
43
0.101691 -0.772934 0.626284
-0.198694 -0.602662 0.772864
-0.613728 -0.516610 0.597036
0.707308 -0.429536 0.561439
0.406457 -0.240284 0.881508
0.725336 -0.376588 0.576254
0.547950 -0.205118 0.810973
0.518420 -0.581916 0.626589
0.351393 -0.375682 0.857546
0.447570 -0.553989 0.701981
0.294906 -0.348840 0.889574
0.262628 -0.621272 0.738274
0.060708 -0.549511 0.833278
0.311937 -0.731172 0.606698
0.113983 -0.621354 0.775194
0.852429 0.483079 0.199998
0.400175 -0.258862 0.879119
-0.098132 0.862954 -0.495662
-0.289019 -0.243826 0.925752
0.023244 0.021936 0.999489
0.120375 0.115135 0.986029
0.013234 0.011828 0.999842
0.004460 0.003971 0.999982
-0.288158 -0.259803 0.921666
-0.266992 -0.256874 0.928833
0.000000 -0.000000 1.000000
-0.655898 -0.123459 0.744685
-0.221925 0.427086 0.876554
-0.162740 0.570591 0.804948
-0.347617 0.379171 0.857550
-0.322003 0.323411 0.889786
-0.581387 0.026458 0.813197
-0.631920 0.089001 0.769906
-0.279164 0.552708 0.785227
-0.781623 0.172100 0.599539
-0.379039 0.736653 0.560064
-0.316977 0.757346 0.570923
-0.540662 0.561613 0.626319
-0.513458 0.493426 0.702063
-0.680004 0.205998 0.703675
-0.749511 0.296642 0.591807
-0.234862 0.808500 0.539599
0.083515 0.903286 0.420832
62
0 0 1 2 0 1 2 1
0 0 3 4 0 3 4 1
0 0 4 1 0 4 1 1
0 3 5 4 3 5 4 1
0 5 6 4 5 6 4 1
0 5 7 8 5 7 8 1
0 5 8 6 5 8 6 1
0 7 9 8 7 9 8 1
0 9 10 8 9 10 8 1
0 9 11 12 9 11 12 1
0 9 12 10 9 12 10 1
0 11 13 12 11 13 12 1
0 13 14 12 13 14 12 1
0 13 15 16 13 15 16 1
0 13 16 14 13 16 14 1
0 15 17 16 15 17 16 1
0 2 1 18 2 1 18 1
0 1 4 18 1 4 18 1
0 4 19 18 4 19 18 1
0 4 6 20 4 6 20 1
0 4 20 19 4 20 19 1
0 6 8 20 6 8 20 1
0 8 21 20 8 21 20 1
0 8 10 22 8 10 22 1
0 8 22 21 8 22 21 1
0 10 12 22 10 12 22 1
0 12 23 22 12 23 22 1
0 12 14 24 12 14 24 1
0 12 24 23 12 24 23 1
0 14 16 24 14 16 24 1
0 16 25 24 16 25 24 1
0 18 26 2 18 26 2 1
0 18 19 27 18 19 27 1
0 18 27 26 18 27 26 1
0 19 20 27 19 20 27 1
0 20 28 27 20 28 27 1
0 20 21 29 20 21 29 1
0 20 29 28 20 29 28 1
0 21 22 29 21 22 29 1
0 22 30 29 22 30 29 1
0 22 23 31 22 23 31 1
0 22 31 30 22 31 30 1
0 23 24 31 23 24 31 1
0 24 32 31 24 32 31 1
0 24 25 33 24 25 33 1
0 24 33 32 24 33 32 1
0 2 26 34 2 26 34 1
0 26 27 34 26 27 34 1
0 27 35 34 27 35 34 1
0 27 28 36 27 28 36 1
0 27 36 35 27 36 35 1
0 28 29 36 28 29 36 1
0 29 37 36 29 37 36 1
0 29 30 38 29 30 38 1
0 29 38 37 29 38 37 1
0 30 31 38 30 31 38 1
0 31 39 38 31 39 38 1
0 31 32 40 31 32 40 1
0 31 40 39 31 40 39 1
0 32 33 40 32 33 40 1
0 33 41 40 33 41 40 1
0 33 42 41 33 42 41 1
"drz" 0 0
11
0 -7.877523 -7.986902 -0.000000 0.341448 0.747579 -1
0 -7.171517 -8.714928 0.000000 0.344173 0.749767 -1
0 -7.278194 -8.701508 -1.414910 0.331319 0.759905 -1
0 -5.467067 -10.472512 0.000000 0.350750 0.755049 -1
0 -5.480688 -10.459098 -2.000983 0.332594 0.769403 -1
0 -3.683179 -12.216681 -1.414910 0.344474 0.770470 -1
0 -3.762610 -12.230101 0.000000 0.357328 0.760332 -1
0 -3.056604 -12.958122 0.000000 0.360052 0.762520 -1
0 -3.683179 -12.216681 1.414911 0.370081 0.750113 -1
0 -5.480688 -10.459098 2.000983 0.368806 0.740615 -1
0 -7.278194 -8.701508 1.414911 0.356925 0.739548 -1
11
0.717880 0.696167 -0.000000
0.717877 0.696170 -0.000000
0.711323 0.702153 -0.031644
0.708556 0.705655 -0.000000
0.699122 0.715002 0.000034
0.711326 0.702167 0.031256
0.717876 0.696171 0.000000
0.717878 0.696169 0.000000
0.711326 0.702167 -0.031256
0.699122 0.715002 -0.000034
0.711323 0.702153 0.031644
12
0 0 1 2 0 1 2 1
0 2 1 3 2 1 3 1
0 2 3 4 2 3 4 1
0 4 3 5 4 3 5 1
0 3 6 5 3 6 5 1
0 5 6 7 5 6 7 1
0 7 6 8 7 6 8 1
0 8 6 3 8 6 3 1
0 8 3 9 8 3 9 1
0 9 3 10 9 3 10 1
0 3 1 10 3 1 10 1
0 10 1 0 10 1 0 1
"Regroup12" 0 0
40
0 -3.372049 -12.656378 0.043750 0.837388 0.308120 -1
0 -7.309581 -8.773039 -0.420398 0.929452 0.308383 -1
0 3.652957 -5.448043 -0.022917 0.842232 0.417018 -1
0 2.668513 0.751962 -0.420398 0.925224 0.416926 -1
0 10.552961 2.551957 0.043750 0.845199 0.528127 -1
0 9.283429 7.851962 -0.420398 0.921611 0.527037 -1
0 13.052961 5.551957 0.043750 0.845843 0.583921 -1
0 12.738988 11.951962 -0.420398 0.919734 0.584017 -1
0 15.286288 8.451963 0.043750 0.847130 0.639504 -1
0 17.052965 11.651966 0.043750 0.849456 0.676712 -1
0 15.305972 15.251963 -0.420398 0.909819 0.676384 -1
0 18.752953 14.951963 0.043750 0.853016 0.714129 -1
0 17.872959 19.051962 -0.420398 0.906805 0.713813 -1
0 20.552965 18.951963 0.043750 0.858514 0.763960 -1
0 20.045017 22.751963 -0.420398 0.901750 0.763052 -1
0 21.952957 22.851971 0.043750 0.864624 0.812538 -1
0 22.118351 26.651962 -0.420398 0.887116 0.872879 -1
0 23.052965 26.351955 0.043750 0.873803 0.872775 -1
0 23.719625 30.251963 -0.110199 0.880395 0.928647 -1
0 3.652957 -5.573043 -0.022917 0.841483 0.416104 -1
0 -7.309593 -8.898010 0.436193 0.928703 0.307468 -1
0 -3.372049 -12.781378 0.043750 0.836639 0.307205 -1
0 2.668536 0.626953 0.436193 0.924475 0.416012 -1
0 10.552961 2.426957 0.043750 0.844450 0.527213 -1
0 9.283402 7.726990 0.436193 0.920863 0.526123 -1
0 13.052961 5.426957 0.043750 0.845095 0.583006 -1
0 12.738959 11.826965 0.436193 0.918985 0.583103 -1
0 15.286288 8.326963 0.043750 0.846381 0.638590 -1
0 17.052965 11.526966 0.043750 0.848707 0.675797 -1
0 15.305981 15.126953 0.436193 0.909070 0.675469 -1
0 18.752953 14.826963 0.043750 0.852267 0.713215 -1
0 17.872944 18.926941 0.436193 0.906056 0.712899 -1
0 20.552965 18.826963 0.043750 0.857766 0.763045 -1
0 20.045017 22.626953 0.436193 0.901001 0.762137 -1
0 21.952957 22.726971 0.043750 0.863876 0.811624 -1
0 22.118324 26.526978 0.436193 0.886368 0.871964 -1
0 23.052965 26.226955 0.043750 0.873053 0.871860 -1
0 23.719624 30.126953 0.238929 0.879646 0.927733 -1
0 -7.309581 -8.898039 -0.420398 0.928703 0.307468 -1
0 23.719625 30.126963 -0.110199 0.879646 0.927733 -1
40
0.055260 -0.063071 -0.996478
0.054124 -0.059290 -0.996772
0.059637 -0.057075 -0.996587
0.066015 -0.059155 -0.996064
0.075407 -0.063198 -0.995148
0.078805 -0.068365 -0.994543
0.083338 -0.067850 -0.994209
0.093248 -0.067869 -0.993327
0.095444 -0.062285 -0.993484
0.110568 -0.067092 -0.991601
0.118170 -0.076462 -0.990045
0.140258 -0.075338 -0.987245
0.153181 -0.085982 -0.984451
0.191288 -0.086402 -0.977724
0.215778 -0.103978 -0.970891
0.297221 -0.114505 -0.947918
0.355701 -0.121350 -0.926688
0.411240 -0.117367 -0.903940
0.414613 -0.106547 -0.903739
0.060189 -0.057443 0.996533
0.058240 -0.054378 0.996821
0.055331 -0.044699 0.997467
0.062738 -0.062102 0.996096
0.065271 -0.059846 0.996071
0.066734 -0.057893 0.996090
0.070580 -0.057463 0.995850
0.078994 -0.057494 0.995216
0.080849 -0.052760 0.995329
0.093714 -0.056864 0.993974
0.100202 -0.064834 0.992853
0.119034 -0.063932 0.990830
0.130104 -0.073023 0.988808
0.162822 -0.073519 0.983913
0.184021 -0.088659 0.978916
0.255574 -0.098329 0.961776
0.305945 -0.109602 0.945719
0.354804 -0.109268 0.928534
0.355454 -0.107229 0.928523
-0.702191 -0.711989 0.000014
0.985703 -0.168494 0.000001
36
0 0 1 2 0 1 2 1
0 2 1 3 2 1 3 1
0 2 3 4 2 3 4 1
0 4 3 5 4 3 5 1
0 4 5 6 4 5 6 1
0 6 5 7 6 5 7 1
0 8 6 7 8 6 7 1
0 8 7 9 8 7 9 1
0 9 7 10 9 7 10 1
0 9 10 11 9 10 11 1
0 11 10 12 11 10 12 1
0 11 12 13 11 12 13 1
0 13 12 14 13 12 14 1
0 13 14 15 13 14 15 1
0 15 14 16 15 14 16 1
0 15 16 17 15 16 17 1
0 17 16 18 17 16 18 1
0 19 20 21 19 20 21 1
0 22 20 19 22 20 19 1
0 23 22 19 23 22 19 1
0 24 22 23 24 22 23 1
0 25 24 23 25 24 23 1
0 26 24 25 26 24 25 1
0 26 25 27 26 25 27 1
0 28 26 27 28 26 27 1
0 29 26 28 29 26 28 1
0 30 29 28 30 29 28 1
0 31 29 30 31 29 30 1
0 32 31 30 32 31 30 1
0 33 31 32 33 31 32 1
0 34 33 32 34 33 32 1
0 35 33 34 35 33 34 1
0 36 35 34 36 35 34 1
0 37 35 36 37 35 36 1
0 20 38 21 38 38 38 2
0 36 39 37 39 39 39 2
"ostrica top" 1 0
18
1 2.668513 0.626962 -0.420398 0.891987 0.487028 -1
1 -7.309581 -8.898039 -0.420398 0.892301 0.307099 -1
1 -7.309593 -8.898010 0.436193 0.869508 0.306582 -1
1 2.668536 0.626953 0.436193 0.869194 0.486511 -1
1 9.283429 7.726962 -0.420398 0.891779 0.606312 -1
1 9.283402 7.726990 0.436193 0.868986 0.605795 -1
1 12.738988 11.826962 -0.420398 0.891670 0.668621 -1
1 12.738959 11.826965 0.436193 0.868877 0.668103 -1
1 15.305972 15.126963 -0.420398 0.891589 0.714911 -1
1 15.305981 15.126953 0.436193 0.868796 0.714393 -1
1 17.872959 18.926962 -0.420398 0.891508 0.761199 -1
1 17.872944 18.926941 0.436193 0.868715 0.760681 -1
1 20.045017 22.626963 -0.420398 0.891440 0.800366 -1
1 20.045017 22.626953 0.436193 0.868647 0.799848 -1
1 22.118351 26.526962 -0.420398 0.891374 0.837754 -1
1 22.118324 26.526978 0.436193 0.868581 0.837237 -1
1 23.719625 30.126963 -0.110199 0.883070 0.866441 -1
1 23.719624 30.126953 0.238929 0.873780 0.866230 -1
18
-0.704483 0.709721 0.000006
-0.690493 0.723339 -0.000033
-0.690492 0.723340 -0.000004
-0.718211 0.695825 0.000002
-0.742859 0.669448 -0.000021
-0.753856 0.657040 -0.000039
-0.772998 0.634408 -0.000034
-0.781222 0.624253 -0.000014
-0.802825 0.596215 0.000000
-0.815943 0.578133 0.000009
-0.840267 0.542173 0.000004
-0.851517 0.524327 0.000001
-0.869420 0.494073 0.000003
-0.876288 0.481787 -0.000008
-0.893705 0.448655 -0.000022
-0.903947 0.427644 -0.000022
-0.913689 0.406414 -0.000015
-0.913688 0.406416 0.000006
16
1 0 1 2 0 1 2 2
1 3 0 2 3 0 2 2
1 4 0 3 4 0 3 2
1 5 4 3 5 4 3 2
1 6 4 5 6 4 5 2
1 7 6 5 7 6 5 2
1 8 6 7 8 6 7 2
1 9 8 7 9 8 7 2
1 10 8 9 10 8 9 2
1 11 10 9 11 10 9 2
1 12 10 11 12 10 11 2
1 13 12 11 13 12 11 2
1 14 12 13 14 12 13 2
1 15 14 13 15 14 13 2
1 16 14 15 16 14 15 2
1 17 16 15 17 16 15 2

Materials: 1
"Material01"
0.200000 0.200000 0.200000 1.000000
0.800000 0.800000 0.800000 1.000000
0.000000 0.000000 0.000000 1.000000
0.000000 0.000000 0.000000 1.000000
0.000000
1.000000
".\kn1.jpg"
""

Bones: 0
GroupComments: 0
MaterialComments: 0
BoneComments: 0
ModelComment: 0
